           1           1   1.0000000000000000     
           2           1   5.0000000000000000     
           3           1   9.0000000000000000     
           4           1   13.000000000000000     
           1           2   11.000000000000000     
           2           2   15.000000000000000     
           3           2   19.000000000000000     
           4           2   23.000000000000000     
           1           3   2.0000000000000000     
           2           3   6.0000000000000000     
           3           3   10.000000000000000     
           4           3   14.000000000000000     
           1           4   12.000000000000000     
           2           4   16.000000000000000     
           3           4   20.000000000000000     
           4           4   24.000000000000000     
           1           5   3.0000000000000000     
           2           5   7.0000000000000000     
           3           5   11.000000000000000     
           4           5   15.000000000000000     
           1           6   13.000000000000000     
           2           6   17.000000000000000     
           3           6   21.000000000000000     
           4           6   25.000000000000000     
           1           7   4.0000000000000000     
           2           7   8.0000000000000000     
           3           7   12.000000000000000     
           4           7   16.000000000000000     
           1           8   14.000000000000000     
           2           8   18.000000000000000     
           3           8   22.000000000000000     
           4           8   26.000000000000000     
