           1           1   1.0000000000000000     
           1           2   2.0000000000000000     
           1           3   3.0000000000000000     
           1           4   4.0000000000000000     
           2           1   5.0000000000000000     
           2           2   6.0000000000000000     
           2           3   7.0000000000000000     
           2           4   8.0000000000000000     
           3           1   9.0000000000000000     
           3           2   10.000000000000000     
           3           3   11.000000000000000     
           3           4   12.000000000000000     
           4           1   13.000000000000000     
           4           2   14.000000000000000     
           4           3   15.000000000000000     
           4           4   16.000000000000000     
